
Element["" "" "" "" 15748 47244 0 0 0 100 ""]
(
	Pin[0 0 8500 3000 9100 4300 "" "1" "square,edge2"]
	Pin[78740 0 8500 3000 9100 4300 "" "2" "edge2"]
	ElementLine [29057 34251 29057 34252 1000]
	ElementLine [-11811 -7874 -11811 7874 2500]
	ElementLine [51181 43307 51181 -43307 1000]
	ElementLine [7874 7874 -11811 7874 2500]
	ElementLine [7874 -7874 -11811 -7874 2500]
	ElementLine [74803 0 3937 0 1000]
	ElementLine [82677 0 94488 0 1000]
	ElementLine [-3937 0 -11811 0 1000]
	ElementArc [51181 0 43307 43307 90 90 2500]
	ElementArc [51181 0 43307 43307 180 90 2500]
	ElementArc [51181 0 43307 43307 270 90 2500]
	ElementArc [51181 0 43307 43307 0 90 2500]

	)
