
Element["" "" "" "" 40000 19000 0 0 0 100 ""]
(
	Pin[0 -10000 6000 3000 6600 3500 "" "2" ""]
	Pin[-10000 0 6000 3000 6600 3500 "" "3" ""]
	Pin[-10000 -10000 6000 3000 6600 3500 "" "4" ""]
	Pin[-20000 0 6000 3000 6600 3500 "" "5" ""]
	Pin[-20000 -10000 6000 3000 6600 3500 "" "6" ""]
	Pin[-30000 0 6000 3000 6600 3500 "" "7" ""]
	Pin[0 0 6000 3000 6600 3500 "" "1" "square"]
	Pin[-30000 -10000 6000 3000 6600 3500 "" "8" ""]
	ElementLine [-30000 40000 0 40000 1000]
	ElementLine [-35000 40000 -35000 5000 2500]
	ElementLine [5000 40000 5000 5000 2500]
	ElementLine [-35000 40000 5000 40000 2500]
	ElementLine [-10000 20000 0 20000 2500]
	ElementLine [-10000 10000 -10000 20000 2500]
	ElementLine [-20000 20000 -20000 10000 2500]
	ElementLine [5000 -12500 5000 5000 1000]
	ElementLine [-32500 -15000 2500 -15000 1000]
	ElementLine [-35000 -12500 -32500 -15000 1000]
	ElementLine [-35000 5000 -35000 -12500 1000]
	ElementLine [0 3500 0 5000 1000]
	ElementLine [-10000 3500 -10000 5000 1000]
	ElementLine [2500 -15000 5000 -12500 1000]
	ElementLine [-35000 5000 5000 5000 2500]
	ElementLine [-20000 10000 -10000 10000 2500]
	ElementLine [-20000 20000 -30000 20000 2500]
	ElementLine [-5000 5000 -5000 -5000 1000]
	ElementLine [-30000 3500 -30000 5000 1000]
	ElementLine [-20000 3500 -20000 5000 1000]
	ElementLine [-30000 20000 -15000 35000 2500]
	ElementLine [-15000 35000 0 20000 2500]
	ElementLine [-5000 -5000 5000 -5000 1000]
	ElementLine [0 -6500 0 -3500 1000]
	ElementLine [-10000 -6500 -10000 -3500 1000]
	ElementLine [-30000 -6500 -30000 -3500 1000]
	ElementLine [-20000 -6500 -20000 -3500 1000]

	)
