
Element["" "" "" "" 50000 20000 0 0 0 100 ""]
(
	Pin[0 -10000 6000 3000 6600 3500 "" "2" "edge2"]
	Pin[-10000 0 6000 3000 6600 3500 "" "3" "edge2"]
	Pin[-10000 -10000 6000 3000 6600 3500 "" "4" "edge2"]
	Pin[-20000 0 6000 3000 6600 3500 "" "5" "edge2"]
	Pin[-20000 -10000 6000 3000 6600 3500 "" "6" "edge2"]
	Pin[-40000 -10000 6000 3000 6600 3500 "" "10" "edge2"]
	Pin[-40000 0 6000 3000 6600 3500 "" "9" "edge2"]
	Pin[-30000 0 6000 3000 6600 3500 "" "7" "edge2"]
	Pin[-30000 -10000 6000 3000 6600 3500 "" "8" "edge2"]
	Pin[0 0 6000 3000 6600 3500 "" "1" "square,edge2"]
	ElementLine [-40000 3500 -40000 5000 1000]
	ElementLine [-30000 3500 -30000 5000 1000]
	ElementLine [-40000 -6500 -40000 -3500 1000]
	ElementLine [-30000 -6500 -30000 -3500 1000]
	ElementLine [-5000 5000 -5000 -5000 1000]
	ElementLine [-5000 -5000 5000 -5000 1000]
	ElementLine [-20000 3500 -20000 5000 1000]
	ElementLine [-20000 -6500 -20000 -3500 1000]
	ElementLine [-42500 -15000 2500 -15000 1000]
	ElementLine [-45000 -12500 -42500 -15000 1000]
	ElementLine [-45000 5000 -45000 -12500 1000]
	ElementLine [-45000 5000 5000 5000 2500]
	ElementLine [0 -6500 0 -3500 1000]
	ElementLine [5000 -12500 5000 5000 1000]
	ElementLine [0 3500 0 5000 1000]
	ElementLine [2500 -15000 5000 -12500 1000]
	ElementLine [-10000 3500 -10000 5000 1000]
	ElementLine [-10000 -6500 -10000 -3500 1000]

	)
