
Element["" "" "" "" 6000 6000 0 0 0 100 ""]
(
	Pin[30000 10000 6000 3000 6600 3500 "" "8" ""]
	Pin[0 10000 6000 3000 6600 3500 "" "2" ""]
	Pin[10000 0 6000 3000 6600 3500 "" "3" ""]
	Pin[10000 10000 6000 3000 6600 3500 "" "4" ""]
	Pin[20000 0 6000 3000 6600 3500 "" "5" ""]
	Pin[20000 10000 6000 3000 6600 3500 "" "6" ""]
	Pin[30000 0 6000 3000 6600 3500 "" "7" ""]
	Pin[0 0 6000 3000 6600 3500 "" "1" "square"]
	Pin[10000 20000 6000 3000 6600 3500 "" "3" ""]
	Pin[20000 20000 6000 3000 6600 3500 "" "5" ""]
	Pin[30000 20000 6000 3000 6600 3500 "" "7" ""]
	Pin[0 20000 6000 3000 6600 3500 "" "1" "square"]
	ElementLine [5000 5000 5000 -5000 1000]
	ElementLine [0 50000 30000 50000 1000]
	ElementLine [-5000 50000 -5000 15000 2500]
	ElementLine [35000 50000 35000 15000 2500]
	ElementLine [-5000 50000 35000 50000 2500]
	ElementLine [20000 30000 30000 30000 2500]
	ElementLine [-5000 5000 5000 5000 1000]
	ElementLine [30000 3500 30000 6500 1000]
	ElementLine [35000 -2500 35000 15000 1000]
	ElementLine [-2500 -5000 32500 -5000 1000]
	ElementLine [-5000 -2500 -2500 -5000 1000]
	ElementLine [-5000 15000 -5000 -2500 1000]
	ElementLine [30000 13500 30000 15000 1000]
	ElementLine [20000 13500 20000 15000 1000]
	ElementLine [32500 -5000 35000 -2500 1000]
	ElementLine [-5000 15000 35000 15000 2500]
	ElementLine [20000 3500 20000 6500 1000]
	ElementLine [0 3500 0 6500 1000]
	ElementLine [10000 3500 10000 6500 1000]
	ElementLine [0 13500 0 15000 1000]
	ElementLine [10000 13500 10000 15000 1000]
	ElementLine [0 30000 15000 45000 2500]
	ElementLine [15000 45000 30000 30000 2500]
	ElementLine [-5000 25000 35000 25000 1000]
	ElementLine [10000 30000 0 30000 2500]
	ElementLine [20000 26000 20000 30000 2500]
	ElementLine [10000 30000 10000 26000 2500]

	)
