
Element["" "" "" "" 15000 5000 0 0 0 100 ""]
(
	Pin[20000 10000 6000 3000 6600 3500 "" "8" ""]
	Pin[-10000 10000 6000 3000 6600 3500 "" "2" ""]
	Pin[0 0 6000 3000 6600 3500 "" "3" ""]
	Pin[0 10000 6000 3000 6600 3500 "" "4" ""]
	Pin[10000 0 6000 3000 6600 3500 "" "5" ""]
	Pin[10000 10000 6000 3000 6600 3500 "" "6" ""]
	Pin[20000 0 6000 3000 6600 3500 "" "7" ""]
	Pin[-10000 0 6000 3000 6600 3500 "" "1" "square"]
	ElementLine [-10000 50000 20000 50000 1000]
	ElementLine [-15000 50000 -15000 15000 2500]
	ElementLine [25000 50000 25000 15000 2500]
	ElementLine [-15000 50000 25000 50000 2500]
	ElementLine [10000 30000 20000 30000 2500]
	ElementLine [-15000 5000 -5000 5000 1000]
	ElementLine [20000 3500 20000 6500 1000]
	ElementLine [25000 -2500 25000 15000 1000]
	ElementLine [-12500 -5000 22500 -5000 1000]
	ElementLine [-15000 -2500 -12500 -5000 1000]
	ElementLine [-15000 15000 -15000 -2500 1000]
	ElementLine [20000 13500 20000 15000 1000]
	ElementLine [10000 13500 10000 15000 1000]
	ElementLine [22500 -5000 25000 -2500 1000]
	ElementLine [-15000 15000 25000 15000 2500]
	ElementLine [10000 3500 10000 6500 1000]
	ElementLine [-10000 3500 -10000 6500 1000]
	ElementLine [0 3500 0 6500 1000]
	ElementLine [-10000 13500 -10000 15000 1000]
	ElementLine [0 13500 0 15000 1000]
	ElementLine [-10000 30000 5000 45000 2500]
	ElementLine [5000 45000 20000 30000 2500]
	ElementLine [10000 20000 10000 30000 2500]
	ElementLine [0 30000 0 20000 2500]
	ElementLine [0 20000 10000 20000 2500]
	ElementLine [0 30000 -10000 30000 2500]
	ElementLine [-5000 5000 -5000 -5000 1000]

	)
