
Element["" "" "" "" 23622 13780 0 0 0 100 ""]
(
	Pin[0 39370 8500 3000 9100 4300 "" "3" ""]
	Pin[0 0 8500 3000 9100 4300 "" "1" "square"]
	Pin[0 19685 8500 3000 9100 4300 "" "2" ""]
	ElementLine [15748 49213 15748 -9842 2500]
	ElementLine [7874 43308 15748 43308 1000]
	ElementLine [-19685 9843 15748 9843 1000]
	ElementLine [-19685 49213 15748 49213 2500]
	ElementLine [15748 -9842 -19685 -9842 2500]
	ElementLine [15748 29528 -19685 29528 1000]
	ElementLine [-19685 -9842 -19684 -9842 1000]
	ElementLine [-19684 -9842 -19684 49212 2500]
	ElementLine [-19684 49212 -19685 49213 2500]
	ElementLine [15748 -3936 7874 -3936 1000]
	ElementLine [7874 -3936 3937 1 1000]
	ElementLine [3937 1 7874 3938 1000]
	ElementLine [7874 3938 15748 3938 1000]
	ElementLine [15748 15749 7874 15749 1000]
	ElementLine [7874 15749 3937 19686 1000]
	ElementLine [3937 19686 7874 23623 1000]
	ElementLine [7874 23623 15748 23623 1000]
	ElementLine [15748 35434 7874 35434 1000]
	ElementLine [7874 35434 3937 39371 1000]
	ElementLine [3937 39371 7874 43308 1000]

	)
