
Element["" "" "" "" 23622 15748 0 0 0 100 ""]
(
	Pin[0 39370 8500 3000 9100 4300 "" "3" ""]
	Pin[0 0 8500 3000 9100 4300 "" "1" "square"]
	Pin[0 19685 8500 3000 9100 4300 "" "2" ""]
	ElementLine [19685 49213 19685 -9842 2500]
	ElementLine [-19685 9843 -19684 9843 1000]
	ElementLine [-19685 29528 19685 29528 2500]
	ElementLine [-19685 49213 19685 49213 2500]
	ElementLine [19685 -9842 -19685 -9842 2500]
	ElementLine [-19685 9843 19685 9843 2500]
	ElementLine [-19685 -9842 -19684 -9842 1000]
	ElementLine [-19684 -9842 -19684 49212 2500]
	ElementLine [-19684 49212 -19685 49213 2500]
	ElementLine [-15748 1969 -19685 1969 1000]
	ElementLine [-15748 21654 -19685 21654 1000]
	ElementLine [-15748 41339 -19685 41339 1000]
	ElementLine [-19685 -1968 -15748 -1968 1000]
	ElementLine [-15748 -1968 -15748 1969 1000]
	ElementLine [-19685 17717 -15748 17717 1000]
	ElementLine [-15748 17717 -15748 21654 1000]
	ElementLine [-19685 37402 -15748 37402 1000]
	ElementLine [-15748 37402 -15748 41339 1000]

	)
